00000000000000000000000000000
0 X                         0
00000000  000000000  00000  0
0     0           0     00  0
0  0  000000000   000    0  0
0  0  0           0000   0  0
0  0  0  00000000000000  0  0
0  0  0   0     0     0  0  0
0  0  00     0     0     0  0
0  0  00000000000000000000  0
0  0                        0
0  00000000000000000000000  0
0  0                        0
0  0  00000000000000000000000
0  0                        0
0  00000000000000000000000000
0                         U 0
00000000000000000000000000000
